tree
version=v4
num_class=1
num_tree_per_iteration=1
label_index=0
max_feature_idx=60
objective=binary sigmoid:1
feature_names=cap.bruising_color cap.central_depression cap.colors cap.margin_lined_at_maturity cap.margin_type cap.shape cap.surface_moisture cap.surface_texture flesh.bruising_color flesh.cap_stem_consistency flesh.color flesh.hyphal_structure flesh.latex_presence flesh.odor flesh.quantity flesh.taste flesh.texture gills.attachment gills.color gills.edge_texture gills.spacing gills.texture gills.thickness growth_habit hymenium.type overall_body_form overall_size_class pores.bruising_color pores.color spore_print_color stem.attachment_position stem.bruising_color stem.color stem.consistency stem.hollow_or_solid stem.reticulation stem.shape stem.surface_texture veil.cortina_present veil.present veil.ring_mobility veil.ring_persistence veil.ring_position veil.shape veil.type volva.present volva.type num_cap.diameter_min_cm num_stem.height_min_cm num_stem.diameter_min_cm num_spore.length_min_um num_spore.width_min_um num_pores.density_per_mm num_tubes.depth_mm num_spore.spine_length_um num_spore.spine_base_width_um num_microscopic.pileipellis_element_width_um num_ecology.fruiting_months gate_body_form gate_hymenium gate_size_class
feature_infos=[0:1] [0:1] [0:1] [0:1] [0:1] [0:1] [0:1] [0:1] [0:1] [0:1] [0:1] [0:1] [0:1] [0:1] [0:1] [0:1] [0:1] [0:1] [0:1] [0:1] [0:1] [0:1] [0:1] [0:1] [0:1] [0:1] [0:1] [0:1] [0:1] [0:1] [0:1] [0:1] [0:1] [0:1] [0:1] [0:1] [0:1] [0:1] [0:1] [0:1] [0:1] [0.10000000000000001:1] [0:1] [0:1] [0:1] [0:1] [0:1] [0:1] [0:1] [0:1] [0:1] [0:1] [0:1] [0:1] [0.25:1] [0.19999999999999996:1] [0:1] [0:1] [0:1] [0:1] [0:1]
tree_sizes=13060 13451 13374 13401

Tree=0
num_leaves=128
num_cat=0
split_feature=24 47 16 10 18 41 20 6 28 29 34 6 29 50 4 4 10 50 24 18 10 30 6 10 7 30 34 34 33 33 20 24 16 18 33 13 33 4 29 6 47 29 44 30 47 7 34 50 20 7 44 6 10 24 33 7 29 4 30 7 29 47 24 26 29 10 44 21 20 33 33 24 46 4 13 16 6 16 41 47 7 13 7 16 16 24 16 4 50 7 34 33 34 26 55 50 33 24 7 33 38 18 33 34 44 44 33 50 33 4 13 30 44 33 33 6 16 34 18 13 50 20 7 7 44 44 33
split_gain=4018.44 443.924 339.889 197.204 166.1 140.429 145.261 133.901 128.092 213.63 301.249 136.262 124.999 160.694 112.816 110.232 107.738 101.471 85.658 84.7208 83.6147 82.4906 132.01 84.8409 130.718 81.5309 80.0147 77.7081 74.0172 71.5987 69.6069 91.13 68.2249 145.222 65.5529 63.6702 78.0735 78.0343 62.0371 61.5704 60.0591 57.092 54.8555 53.5632 71.9286 51.6588 56.534 132.282 93.7025 49.5525 54.6604 48.0861 94.535 47.755 47.2559 44.9365 43.8984 42.7332 42.6097 68.6616 79.3691 42.0343 41.9462 161.187 56.0541 98.402 84.3508 41.5509 75.2488 62.7611 46.9499 41.073 39.4409 94.2732 122.881 88.6302 100.698 53.9166 51.9871 38.8957 64.2345 98.9499 102.721 42.3188 38.5616 38.5101 47.9796 81.607 90.1109 37.4494 37.0714 36.4634 34.929 34.5214 33.9868 33.9137 33.5773 61.9647 32.0961 41.2533 32.0099 68.0551 30.8129 32.8672 102.141 30.4997 49.6661 76.2686 158.702 58.5205 46.2545 66.5036 28.4855 28.2634 49.3134 65.5887 51.4803 47.7502 60.3282 30.6954 27.3397 31.5437 29.6543 27.3272 49.0436 26.893 25.5511
threshold=0.85000000000000009 1.0000000180025095e-35 0.35000000000000003 0.45000000000000007 0.65000000000000002 0.15000000000000005 0.3000000000000001 0.85000000000000009 0.65000000000000002 0.25000000000000006 0.75000000000000011 0.85000000000000009 0.55000000000000016 0.75000000000000011 0.45000000000000007 0.85000000000000009 inf 0.75000000000000011 0.17500000000000002 0.55000000000000016 0.45000000000000007 0.30000000000000004 0.85000000000000009 1.0000000180025095e-35 0.65000000000000002 0.75000000000000011 inf 1.0000000180025095e-35 1.0000000180025095e-35 inf 0.90000000000000013 0.85000000000000009 0.55000000000000016 0.90000000000000013 0.35000000000000003 inf 0.45000000000000007 0.85000000000000009 0.90000000000000013 inf 0.75000000000000011 inf 1.0000000180025095e-35 inf 0.75000000000000011 1.0000000180025095e-35 inf inf 0.75000000000000011 1.0000000180025095e-35 0.75000000000000011 1.0000000180025095e-35 0.90000000000000013 0.075000000000000025 1.0000000180025095e-35 1.0000000180025095e-35 1.0000000180025095e-35 0.85000000000000009 0.30000000000000004 0.85000000000000009 1.0000000180025095e-35 0.75000000000000011 0.85000000000000009 inf 0.45000000000000007 0.75000000000000011 0.25000000000000006 0.65000000000000013 0.75000000000000011 0.75000000000000011 0.35000000000000003 0.075000000000000025 1.0000000180025095e-35 inf inf 0.55000000000000016 0.25000000000000006 0.80000000000000016 0.35000000000000003 0.75000000000000011 0.85000000000000009 inf 1.0000000180025095e-35 0.45000000000000007 inf 0.85000000000000009 0.55000000000000016 0.65000000000000002 0.75000000000000011 inf 0.75000000000000011 inf 0.75000000000000011 0.75000000000000011 0.75000000000000011 0.75000000000000011 1.0000000180025095e-35 0.075000000000000025 1.0000000180025095e-35 inf 1.0000000180025095e-35 0.75000000000000011 0.45000000000000007 inf inf 0.75000000000000011 1.0000000180025095e-35 0.75000000000000011 0.45000000000000007 0.85000000000000009 0.45000000000000007 0.30000000000000004 0.75000000000000011 0.75000000000000011 0.35000000000000003 inf 0.55000000000000016 0.75000000000000011 0.90000000000000013 0.45000000000000007 0.75000000000000011 0.75000000000000011 0.65000000000000002 0.45000000000000007 inf 0.75000000000000011 0.75000000000000011
decision_type=8 10 10 8 10 10 8 10 10 8 8 10 8 10 8 8 8 8 8 10 10 8 8 10 10 10 8 10 8 8 10 10 10 8 10 8 8 10 8 8 10 8 8 8 10 10 8 8 10 8 10 10 10 10 8 8 10 10 10 10 8 10 10 8 10 8 8 10 8 10 8 10 10 8 8 8 8 10 8 10 8 8 8 10 8 10 8 10 10 8 10 8 10 8 10 8 8 10 8 8 10 8 8 8 8 10 10 8 10 8 8 10 8 10 10 8 8 8 8 10 10 10 10 8 8 10 10
left_child=2 19 7 4 12 6 15 41 9 10 11 30 57 28 18 -3 27 51 -5 62 35 22 -11 90 -25 61 34 56 -14 -26 -8 -32 33 39 53 36 -12 -38 42 -22 -40 -1 -17 -43 71 46 94 49 -49 50 -48 52 -16 -19 -7 -36 96 -4 59 60 -10 -15 63 -2 65 66 -64 68 69 -37 -70 -45 79 74 75 -74 -77 -78 -76 85 81 82 -81 -83 93 -56 -87 88 -88 -73 -24 -13 -54 -21 100 -65 -9 -98 -67 -100 101 -23 -53 104 -104 113 110 108 -108 -109 -107 -112 -97 114 116 -116 -47 118 -115 -119 121 -66 -122 -99 -125 -34 -90
right_child=1 5 3 14 -6 54 8 16 58 21 20 91 13 25 17 38 -18 26 -20 84 32 45 23 24 29 -27 -28 -29 -30 -31 31 -33 125 -35 55 67 37 -39 40 -41 -42 43 -44 44 -46 105 47 48 -50 -51 -52 102 92 -55 72 -57 -58 -59 -60 -61 -62 -63 64 95 120 98 -68 -69 70 -71 -72 89 73 -75 78 76 77 -79 -80 80 -82 83 -84 -85 -86 86 87 -89 126 -91 -92 -93 -94 -95 -96 112 97 123 99 -101 -102 -103 103 -105 -106 106 107 109 -110 -111 111 -113 -114 117 115 -117 -118 119 -120 -121 122 -123 -124 124 -126 -127 -128
leaf_value=-1.6500898487537106 -1.6500747349403067 -1.6500675456704157 -1.6500876498002419 -1.6500773704669174 -1.406303912600164 -1.5166389481527862 -1.6500828344159204 -1.4852567859368062 -1.4731958682735342 -1.6500621787227203 -1.4838096745406362 -1.4731612806776206 -1.4982512974091515 -1.5287066094954644 -1.6500576712936132 -1.4880764570147085 -1.4383338175178488 -1.5650282039709018 -1.4630027799669052 -1.4641837314736368 -1.6500702891803489 -1.5086654558480481 -1.5170136534343097 -1.4610557738228347 -1.6500745104977517 -1.6068619449544215 -1.6500691917436303 -1.6500797823470315 -1.6500835446942155 -1.4824599488080621 -1.4731958682735342 -1.6500600821524283 -1.4647483579237286 -1.4686106631452729 -1.5188559066471123 -1.6500615109089589 -1.6500732960799827 -1.5170136534343097 -1.5619263007365622 -1.4933288049702673 -1.4486962964511716 -1.6500842488320766 -1.6500585140902144 -1.6500812659494588 -1.5195219852150521 -1.4510595983818193 -1.5230543231796683 -1.6500727624372515 -1.4982017823345819 -1.4593801689284156 -1.4566299114650405 -1.4351265709697341 -1.5549904292309882 -1.4610557738228347 -1.43046125909376 -1.6500656464772263 -1.6500558527150171 -1.5635050241145709 -1.4344114400222612 -1.4439033985307153 -1.6500515741795749 -1.4382828380109332 -1.4554729243211801 -1.4783861970261691 -1.556824730170729 -1.4628749047499749 -1.6500727624372515 -1.4179641558994411 -1.5679192596018645 -1.4764400478996216 -1.4846780574868506 -1.6500585140902144 -1.4163131988029414 -1.4351042389006785 -1.5287066094954644 -1.4063039126001637 -1.4933288049702673 -1.650060812757316 -1.6500621787227203 -1.4685319766763962 -1.4217020822518756 -1.4932579653451281 -1.6500593167775903 -1.4221114691952521 -1.4328215311322314 -1.4342074157051237 -1.6500600821524283 -1.442806508268311 -1.5530825300938838 -1.5457353519325152 -1.4430039980977962 -1.5635050241145709 -1.462885568777434 -1.5372082312051896 -1.4179310841091481 -1.4745427282423602 -1.6500645829861587 -1.4852567859368062 -1.4657331195275012 -1.5233339422725121 -1.4223060570100197 -1.4660972021380221 -1.4472186060986771 -1.4572867357190051 -1.6500538322127787 -1.4323772555349512 -1.4286351732216418 -1.5297041387693895 -1.6500721978699482 -1.4515317497864684 -1.4419982355896426 -1.4871995854102513 -1.5261215632809313 -1.4618273727994828 -1.5358619230993296 -1.4405773777360309 -1.4706561725726655 -1.4393693417081872 -1.5679192596018645 -1.4803950099335483 -1.4215803866944683 -1.4553878551873995 -1.4897915897811103 -1.4880764570147085 -1.6500490341132215 -1.4316205169376424 -1.4727025779494753
leaf_weight=80.138892710208893 10.972222745418547 7.7777781486511222 41.805557548999786 12.916667282581331 5.5059113502502433 12.576833903789518 20.416667640209198 8.1448003649711627 7.5892447829246494 6.3888891935348502 16.150711834430695 15.178489565849306 4.4196224212646511 11.061467170715336 5.5555558204650906 4.1418446302413914 6.3392447233200064 7.891844809055331 3.5862890481948844 19.8634786605835 8.7500004172325099 52.22695791721344 10.08924490213394 14.206267297267914 10.83333384990692 7.7653670310974112 8.3333337306976301 15.416667401790617 22.083334386348724 4.0029557347297677 7.5892447829246503 5.9722225069999695 96.00888204574585 40.699179589748383 5.1140668988227818 6.2500002980232221 10.138889372348785 10.089244902133942 7.6140670180320766 4.2807335257530221 18.335700809955597 24.027778923511505 5.694444715976716 17.500000834465027 12.854611694812773 286.77901268005371 44.927902042865753 9.8611115813255328 8.8392448425292951 59.855802655220032 20.823289811611176 18.739956378936768 7.0585114359855661 14.206267297267912 32.100479185581207 7.2222225666046151 5.2777780294418326 7.7529559135437003 130.76302796602249 26.051423370838165 4.7222224473953256 12.678489446640015 3.4474001526832554 23.462178826332092 7.1974003314971906 19.724589765071869 9.861111581325531 8.675533711910246 8.169622600078581 3.8640668392181396 164.41137403249741 5.6944447159767178 20.104023098945618 51.534880042076111 11.061467170715332 5.5059113502502415 4.2807335257530212 6.1111114025115967 6.388889193534852 9.243500411510464 135.2470725774765 12.842200577259062 5.8333336114883432 38.288423895835876 21.631800949573517 21.770689845085144 5.9722225069999721 19.434400856494904 6.9196225404739389 12.867022812366484 34.044923722743988 7.7529559135437003 14.345156192779541 11.894800543785093 14.459222853183745 13.38534504175186 6.9444447755813625 8.1448003649711627 18.209223031997681 66.217503011226654 14.737000644206999 248.17321103811264 6.6170225143432626 13.928489506244658 5.00000023841858 40.09397953748703 6.0614669322967503 16.731089651584625 9.5833337903022766 32.125301420688629 54.855802416801453 117.48701637983322 151.66609579324722 24.96513444185257 23.511823296546936 12.81737834215164 333.06861484050751 181.6406968832016 8.169622600078581 23.739956617355347 17.62884521484375 6.8948003053665161 12.564422786235811 4.1418446302413914 4.4444446563720712 39.955090641975403 13.246456146240234
leaf_count=577 79 56 301 93 4 46 147 23 19 46 45 38 14 44 40 12 10 39 8 45 63 180 37 31 78 47 60 111 159 11 19 43 219 97 19 45 73 37 37 13 34 173 41 126 48 550 172 71 28 128 43 28 33 31 44 52 38 38 193 45 34 20 7 62 34 44 71 9 41 10 462 41 20 77 44 4 13 44 46 22 154 39 42 44 31 32 43 33 32 57 58 38 32 50 15 34 50 23 42 254 17 575 12 29 36 57 8 67 69 62 92 338 593 55 98 21 812 292 41 64 20 14 37 12 32 56 33
internal_value=-1.48805 -1.47483 -1.58228 -1.55498 -1.58774 -1.47003 -1.47318 -1.61365 -1.47205 -1.47423 -1.49437 -1.5675 -1.59703 -1.56327 -1.52661 -1.53449 -1.57023 -1.51463 -1.6094 -1.50757 -1.4844 -1.4687 -1.5024 -1.48951 -1.53449 -1.51156 -1.55589 -1.58616 -1.62475 -1.60483 -1.61056 -1.55108 -1.46778 -1.50012 -1.53309 -1.49825 -1.53935 -1.5837 -1.50937 -1.59857 -1.48191 -1.63035 -1.58184 -1.60867 -1.58832 -1.46707 -1.47651 -1.49421 -1.57828 -1.48169 -1.50201 -1.48987 -1.52556 -1.49817 -1.45191 -1.59567 -1.55959 -1.63654 -1.44363 -1.47506 -1.54103 -1.4804 -1.51346 -1.52386 -1.50063 -1.51289 -1.59964 -1.49044 -1.49388 -1.58371 -1.48862 -1.61285 -1.44991 -1.46781 -1.49934 -1.46358 -1.52339 -1.58549 -1.57314 -1.44366 -1.43509 -1.46246 -1.53876 -1.43997 -1.46773 -1.46102 -1.4756 -1.49538 -1.53449 -1.57774 -1.45991 -1.50369 -1.49324 -1.49152 -1.46877 -1.51651 -1.54458 -1.56501 -1.5018 -1.5109 -1.4711 -1.4735 -1.46814 -1.49239 -1.53451 -1.46325 -1.47308 -1.49914 -1.56426 -1.47829 -1.46518 -1.47281 -1.52194 -1.4602 -1.46384 -1.50223 -1.46159 -1.4502 -1.48798 -1.44411 -1.46814 -1.50717 -1.44995 -1.5297 -1.57191 -1.45501 -1.50027
internal_weight=3700.75 3245.23 455.525 243.588 113.073 2830.6 2412.14 211.937 2368.58 2199.45 474.353 56.9096 107.567 58.0083 130.515 43.5638 58.854 114.012 16.503 414.621 417.443 1725.1 79.5656 73.1767 29.0426 31.5053 42.7677 52.5148 26.503 14.8363 33.9781 13.5615 189.694 53.7299 34.4344 227.749 36.3788 20.2281 35.7861 13.0307 25.9498 153.083 9.83629 72.9439 48.9161 1645.53 473.904 144.307 18.7004 125.607 65.7512 71.2447 26.9592 22.0981 418.462 12.3363 37.0981 49.5585 169.126 38.3629 12.3115 23.74 361.231 199.486 161.745 117.46 13.3085 191.371 182.695 10.1141 172.581 36.0615 405.885 104.987 53.4521 36.0018 15.8978 10.3918 17.4504 300.898 201.455 66.2075 15.0768 51.1306 53.3901 99.4439 67.3434 45.5727 26.1383 18.5615 44.1342 22.9314 21.4037 31.7583 329.596 188.514 31.8203 23.6755 104.151 84.4267 315.137 300.4 44.2855 25.5455 11.617 1171.63 276.938 64.5012 15.6448 48.8564 212.437 172.343 165.051 894.692 656.177 36.3292 619.848 238.515 33.1348 205.381 44.2855 14.0922 30.1933 16.7311 8.58629 135.964 20.1661
internal_count=10731 8271 2460 1139 627 6854 6042 1321 5862 5571 1455 285 623 284 512 180 299 411 101 1417 1170 4116 261 215 120 111 201 289 173 89 209 62 448 173 141 722 155 110 124 76 71 1022 53 445 272 3855 1229 442 99 343 215 210 105 70 812 71 178 339 291 98 53 64 1291 768 523 418 78 567 558 55 503 224 766 248 171 81 61 57 90 518 301 147 64 83 126 217 173 141 108 98 95 76 65 95 787 689 140 117 340 296 772 755 105 77 48 2626 693 206 77 129 487 430 627 1933 1481 119 1362 452 96 356 105 48 57 67 44 275 65
is_linear=0
shrinkage=1


Tree=1
num_leaves=128
num_cat=0
split_feature=59 25 47 7 12 33 51 33 33 12 29 36 60 33 39 25 29 37 30 15 51 47 29 29 15 36 30 15 36 33 33 60 7 12 7 31 28 25 51 51 44 15 4 25 39 51 25 33 33 15 60 31 7 28 29 15 60 30 4 4 7 37 52 28 29 59 7 51 59 37 28 29 12 36 33 51 60 37 30 39 25 59 25 30 29 37 44 37 4 33 15 37 37 36 60 7 4 25 7 35 28 60 4 4 4 7 29 51 47 15 29 29 51 51 60 4 44 47 29 37 15 29 37 30 15 29 29
split_gain=3111.62 953.823 322.172 214.384 188.923 263.426 171.503 161.171 170.405 142.214 141.579 138.683 154.016 130.307 119.86 272.044 138.199 128.468 108.181 90.8603 90.176 86.4549 90.3189 82.6243 88.7531 82.137 79.7487 88.7275 135.128 81.0629 79.4588 78.5003 77.7925 72.5225 67.7704 65.6155 61.189 59.2631 58.9337 54.0422 51.8758 48.7056 46.8583 45.737 45.4972 90.7783 54.6902 44.8255 44.1334 43.3091 68.137 43.076 103.713 67.7503 50.3556 41.3362 40.767 48.0459 38.0362 46.2883 37.4199 36.3349 35.4925 34.8683 41.2348 34.5369 42.5569 30.814 41.167 29.8536 29.4719 36.8264 159.453 104.341 53.9462 83.8589 66.1291 46.6932 28.5683 40.8359 27.4979 34.9615 90.7612 32.2018 56.1625 36.3409 27.214 30.9237 54.6729 26.1148 37.6571 33.7507 25.3023 24.7873 23.5913 30.7829 21.9407 18.0983 23.567 17.5339 55.1832 142.6 21.3884 17.3858 15.1196 26.361 17.5517 14.653 13.8081 20.3084 29.8796 13.7546 18.2153 12.5016 11.4556 10.8228 8.13704 7.86206 5.66726 14.1532 5.6646 5.9505 5.13795 4.84888 4.21135 3.01802 2.41631
threshold=1.0000000180025095e-35 0.85000000000000009 1.0000000180025095e-35 0.55000000000000016 1.0000000180025095e-35 0.35000000000000003 1.0000000180025095e-35 0.45000000000000007 0.35000000000000003 1.0000000180025095e-35 0.90000000000000013 0.80000000000000016 1.0000000180025095e-35 0.75000000000000011 1.0000000180025095e-35 0.85000000000000009 0.25000000000000006 0.55000000000000016 1.0000000180025095e-35 0.45000000000000007 0.75000000000000011 0.75000000000000011 0.90000000000000013 1.0000000180025095e-35 1.0000000180025095e-35 inf 0.30000000000000004 0.45000000000000007 0.80000000000000016 0.35000000000000003 1.0000000180025095e-35 1.0000000180025095e-35 1.0000000180025095e-35 inf 0.45000000000000007 0.85000000000000009 inf 0.50000000000000011 1.0000000180025095e-35 0.75000000000000011 0.75000000000000011 inf 0.85000000000000009 0.65000000000000002 1.0000000180025095e-35 0.75000000000000011 0.50000000000000011 0.35000000000000003 1.0000000180025095e-35 0.75000000000000011 1.0000000180025095e-35 0.55000000000000016 1.0000000180025095e-35 inf 0.90000000000000013 inf 1.0000000180025095e-35 0.75000000000000011 1.0000000180025095e-35 0.85000000000000009 0.65000000000000002 inf 0.91666666666666685 0.65000000000000002 0.90000000000000013 1.0000000180025095e-35 inf 1.0000000180025095e-35 1.0000000180025095e-35 1.0000000180025095e-35 1.0000000180025095e-35 0.25000000000000006 1.0000000180025095e-35 0.55000000000000016 0.35000000000000003 0.75000000000000011 1.0000000180025095e-35 0.55000000000000016 1.0000000180025095e-35 1.0000000180025095e-35 1.0000000180025095e-35 1.0000000180025095e-35 1.0000000180025095e-35 0.30000000000000004 0.90000000000000013 0.65000000000000002 0.75000000000000011 inf inf 0.35000000000000003 0.45000000000000007 0.65000000000000002 1.0000000180025095e-35 1.0000000180025095e-35 1.0000000180025095e-35 0.85000000000000009 0.85000000000000009 0.85000000000000009 1.0000000180025095e-35 1.0000000180025095e-35 0.90000000000000013 1.0000000180025095e-35 inf 0.85000000000000009 0.45000000000000007 0.85000000000000009 1.0000000180025095e-35 1.0000000180025095e-35 0.75000000000000011 0.45000000000000007 0.90000000000000013 0.70000000000000007 0.75000000000000011 0.75000000000000011 1.0000000180025095e-35 0.65000000000000002 0.40000000000000008 1.0000000180025095e-35 0.25000000000000006 1.0000000180025095e-35 0.75000000000000011 inf 0.85000000000000009 0.75000000000000011 0.75000000000000011 0.70000000000000007 0.25000000000000006
decision_type=8 10 10 10 8 10 10 10 10 8 10 10 8 10 8 10 8 8 8 10 10 10 10 8 10 8 8 10 10 10 8 10 8 8 8 10 8 8 10 10 8 8 10 8 10 10 8 10 10 10 10 8 10 8 10 8 10 10 8 10 10 8 8 10 10 10 8 10 10 8 10 8 10 10 8 8 8 8 8 8 10 10 8 10 8 10 8 8 8 10 8 10 8 8 8 10 10 10 10 10 10 10 8 10 10 10 10 10 10 10 10 8 8 10 10 8 10 8 8 10 8 8 8 10 10 10 8
left_child=1 3 9 10 5 18 69 8 20 -2 -1 12 -11 34 15 -6 17 42 -4 -12 25 41 23 24 -23 30 27 61 29 -29 -5 -21 58 49 126 43 -19 47 -38 -31 117 -20 -17 67 45 46 -7 -13 65 50 -32 52 53 -28 -55 96 -50 -58 -18 -60 -15 103 104 64 -47 66 -42 68 -14 -3 71 72 73 -64 75 -74 -76 -75 79 -22 81 82 -73 85 -85 -82 116 88 -88 91 -91 -40 -52 -89 -71 -96 108 107 -99 100 -72 -102 -101 114 105 -53 -107 -95 122 -110 -111 -51 -113 -83 -16 -33 -45 -39 119 -54 125 -122 -34 -93 -98 -67 -8
right_child=2 6 4 7 14 44 13 -9 -10 11 19 37 35 60 26 16 32 36 21 31 78 22 -24 -25 -26 -27 51 28 -30 39 33 115 55 -35 -36 -37 38 40 89 -41 48 -43 -44 86 -46 63 -48 -49 56 111 92 62 118 54 -56 -57 57 -59 59 -61 -62 -63 70 -65 -66 120 -68 -69 -70 94 99 80 74 77 76 -77 -78 -79 -80 -81 83 113 -84 84 -86 -87 87 93 -90 90 -92 123 -94 97 95 -97 124 98 -100 102 101 -103 -104 -105 -106 106 -108 -109 109 110 -112 112 -114 -115 -116 -117 -118 -119 -120 -121 121 -123 -124 -125 -126 -127 -128
leaf_value=-0.040576239619201732 -0.041317673541299504 0.17182537102451495 0.1463470641370691 -0.040813867183541117 -0.041283194561551551 0.11498211204254966 0.086283013271216208 -0.04055934597436392 0.13884328442048996 -0.041271979252694636 -0.040575880662139421 -0.040698726993473891 -0.041186305124696877 0.1573112662004684 0.10185931096878463 -0.041099814118195181 0.11677471040946968 0.17789755082817368 -0.041266727259744486 -0.040560383298674181 0.099156897451714701 -0.04113156166594905 0.12368112836990938 -0.041437226910133899 0.12243990183510241 -0.040478045241905541 0.12768615386273396 0.13979588193783893 -0.041006762992679344 -0.040773138832764823 -0.040532733600633634 0.13814916743135688 0.13564183093000326 -0.040401835725566874 -0.040620757822773808 0.15961833075493004 0.17661902249359399 0.083833291956791303 -0.041058554441886767 0.11520242946195143 0.04253198542180512 0.066794780729581504 0.074882560311139851 0.098880303667581187 0.15934088350237213 0.040378697449043675 -0.041414319270160149 0.11340340193319105 0.13031476010202403 0.13749573328462425 0.13429906486914298 0.098673895721446123 0.16749204039436053 -0.041463651734044087 0.10791631129116594 0.07394829189253331 0.11636827746537279 -0.041119806508179542 -0.041282221155876118 0.10007058724596007 0.074336779054272606 0.071426342946083771 -0.041348807912319305 0.15961829740166125 0.14071814178965705 0.1500298640686529 0.15808191641399005 0.081950652617074876 0.076539587571481299 0.16537779406802761 0.1697117884135502 0.027831875602863716 -0.041233690664916917 0.11166131210563782 0.092525807071741947 0.10937591543251932 0.13289757908072361 0.024044994656524685 -0.040570699008513539 -0.040526759232989693 0.12569843961630778 0.14197805520385007 0.17650597291391543 0.14057834884664 0.11911772134012379 0.14158038858169261 0.11888726347662863 0.14877977727776415 -0.04123191390895007 0.15337165927790197 0.044650879076303759 0.088871057957168834 0.04700919299019448 0.06196595988069234 0.068858652880486898 0.14769090218800132 0.17106610266194158 0.098120043058632644 0.0582528512436431 0.16953189188076495 0.16226902516817662 -0.041905770792119636 0.12669343406434566 0.17196991419062319 0.16864100504592741 0.12871946771558535 0.17291015205014224 0.096134062018104011 0.14383674076216083 0.15479282074044254 0.086544045144575393 0.052510641875251965 0.12692919219250851 0.16653987380290919 0.14267064327891874 0.084894826283192559 0.14025879851081213 0.024901104023287424 0.16787287539688894 0.13004832725700566 0.16306025089929349 0.14012952370912235 0.16322802464912903 0.046314140475687438 0.14965734123678598 0.12493977012767508 0.05572108917454037
leaf_weight=154.43241976201534 9.0021195560693723 29.889195650815964 10.710451468825338 7.5962766408920279 14.24455952644348 4.2796217650175068 5.2590555250644693 32.404388949275017 18.590996608138084 11.291977927088736 12.25066554546356 4.3298779278993589 8.4758264422416705 13.489731520414352 14.054750099778174 12.992030769586565 8.4829246550798434 9.1647205352783185 21.097035929560665 5.3697541654109981 4.7923158407211277 5.5130659788847032 16.235313042998314 12.653199657797812 12.288869842886923 10.377542242407797 19.798008754849434 18.510771751403809 11.295236721634863 6.3083698749542254 6.454430580139161 7.4785754829645184 15.151663005352022 5.5686017870903006 13.82152910530567 13.353955298662184 6.1510364860296241 5.3553517460823032 4.9006082415580758 4.2738487720489502 8.0305992066860163 6.1885530501604071 5.7711575329303733 9.5490035861730576 35.067431941628456 8.1996071636676788 6.3987853527069101 4.3293122798204422 11.723488494753838 15.011542320251467 7.6417255103588095 14.350081771612166 28.866242542862892 6.1336318850517291 4.4778445512056351 11.61552384495735 4.2543587535619736 4.6498196125030518 6.0425730645656568 4.7427742481231689 11.62973265349865 11.878420174121855 10.039363071322439 23.331548273563385 11.030379846692085 10.517111659049988 6.7237612307071695 10.877183973789213 5.6980829983949652 11.35346247255802 15.860261127352713 9.6422495394945162 5.5658932924270657 21.912700310349464 55.113892465829849 17.825308263301849 301.98046903312206 10.250414207577704 22.550996065139771 4.8093985021114358 409.05228340625763 67.587166994810104 9.2197432518005353 167.59254272282124 854.08202052116394 278.4009025990963 4.1928070485591862 7.0506436973810187 5.8697665631771097 6.8858447372913334 7.8049867302179345 5.1524741649627686 7.616787016391755 55.30727706849575 12.227025777101517 10.648018762469292 22.079235434532166 108.38622276484966 20.219260737299919 41.276181578636169 9.8616325855255145 6.5191160440444937 19.906426191329956 12.566041260957716 28.719372883439064 19.686348080635071 21.882926538586617 19.514270633459091 28.94650898873806 10.260043889284132 26.180482625961304 7.1883566826581928 7.9733948260545739 37.068391233682632 18.211174428462982 10.665704995393751 12.91967511177063 5.0578863918781289 64.043298169970512 19.542584910988808 45.891642466187477 18.488565817475319 16.377450287342072 7.6721937656402588 21.048708334565163 12.097714349627495 6.9440778493881234
leaf_count=1123 61 29 17 54 97 10 18 236 33 77 89 31 58 17 41 90 21 6 144 39 16 38 35 85 29 76 39 34 79 45 47 15 29 41 100 18 5 18 34 10 38 23 21 27 43 37 43 11 25 30 16 41 27 41 11 41 11 32 41 14 45 43 68 27 18 17 9 37 21 13 13 45 38 57 173 50 592 51 164 35 858 110 6 287 1982 469 11 11 40 10 35 17 35 226 50 18 19 336 83 34 10 42 39 11 27 39 17 59 47 15 83 33 18 37 31 39 23 25 60 39 50 35 18 35 31 27 31
internal_value=0.108157 0.0256659 0.118966 -0.00225681 0.122831 0.0884251 0.110156 0.026832 0.0441409 0.0919457 -0.0265099 0.0947094 0.0813961 0.0638763 0.124866 0.102509 0.111137 0.069688 0.0457308 0.0342255 0.027771 0.0311565 0.0591532 0.0247421 0.0717826 0.0480214 0.126971 0.0968194 0.0584339 0.0970434 0.0621418 0.073199 0.127259 0.0757564 0.0107426 0.0863189 0.0992104 0.122256 0.0804963 0.0222332 0.127856 -0.0167504 -0.00541613 0.0826651 0.129365 0.10961 0.0212775 0.0363561 0.134033 0.0882258 0.0517217 0.128107 0.146199 0.0906691 0.0215819 0.135406 0.0888139 0.0341374 0.0631164 0.0208841 0.118914 0.124151 0.127045 0.131768 0.0979514 0.143197 0.095218 0.0390684 0.00614453 0.147065 0.126267 0.125494 0.116472 0.0539849 0.123402 0.0735357 0.126668 0.0837451 -0.0197338 0.0291962 0.127574 0.143027 0.100526 0.126457 0.122639 0.132131 0.0871586 0.0835361 0.0254985 0.0622382 0.0956379 0.0345401 0.0907494 0.0863101 0.125426 0.105573 0.140501 0.0841422 0.0918543 0.144931 0.124664 0.081018 0.155603 0.138113 0.148616 0.13832 0.151996 0.0708821 0.131537 0.122632 0.105774 0.114484 0.09167 0.150683 0.124908 0.10687 0.122694 0.0552317 0.161212 0.152388 0.151329 0.156484 0.149989 0.0634354 0.160632 0.136632 0.068917
internal_weight=4005.21 464.036 3541.17 348.774 3098.02 172.994 115.262 158.577 126.172 443.158 190.197 434.155 292.706 51.1441 2925.02 251.668 237.423 66.4951 84.6865 35.7647 107.581 73.976 46.6904 30.4551 17.8019 75.4287 2673.36 97.0986 40.3882 29.093 65.0511 23.514 170.928 57.4548 26.0247 281.414 47.7319 141.449 38.5671 10.5822 132.79 27.2856 18.7632 268.06 88.3074 53.2399 10.6784 8.65919 122.377 51.8862 21.7129 2576.26 142.862 30.4095 10.6115 151.66 20.6277 8.90418 19.2683 10.7853 25.1195 56.7104 2433.4 42.5615 19.23 101.749 14.7544 25.0511 14.1739 64.1177 2348.76 2255.33 422.688 42.2025 380.486 23.3912 357.094 32.1631 32.1527 9.60171 1832.65 123.518 18.862 1709.13 1021.67 687.453 243.009 220.54 10.0626 32.4161 14.6908 17.7253 15.2585 210.478 34.2285 22.875 140.044 203.427 128.605 93.4236 32.241 16.3807 61.1826 44.832 84.6387 55.9194 41.5693 74.8215 96.9161 65.387 36.4405 30.1733 15.1618 104.656 32.2659 18.1443 22.4687 10.4132 112.452 48.4088 86.995 64.3802 31.5291 12.8247 43.1279 22.6148 12.2031
internal_count=10731 2460 8271 2139 6854 549 321 834 598 1417 1305 1356 1027 211 6305 709 612 253 371 182 565 354 187 152 67 350 5596 294 168 89 274 93 359 220 149 950 142 329 136 55 287 167 111 932 178 135 53 42 244 179 98 5302 217 91 52 283 68 43 76 55 62 126 5085 82 55 176 47 116 79 110 4961 4823 1029 176 853 88 765 108 215 51 3794 198 51 3596 2269 1327 816 766 51 131 45 86 51 715 81 68 242 704 419 138 65 52 73 83 124 97 56 285 192 145 98 81 51 147 72 54 50 43 126 66 129 85 47 52 50 44 49
is_linear=0
shrinkage=0.0338786


Tree=2
num_leaves=128
num_cat=0
split_feature=59 25 32 10 10 20 4 16 42 11 42 32 23 25 16 32 15 33 0 15 32 5 16 1 33 1 59 20 15 5 0 16 15 20 23 44 1 15 32 15 44 59 25 44 5 44 59 0 20 15 3 27 15 8 54 16 15 10 4 44 4 27 16 15 33 5 32 35 8 4 10 4 3 20 32 42 10 16 4 33 32 20 32 5 25 5 16 25 26 15 32 15 15 3 5 16 15 4 10 44 26 15 10 33 25 5 20 33 26 4 44 4 15 26 15 32 15 33 16 4 44 59 4 10 15 33 3
split_gain=2483.82 817.697 412.128 192.3 143.534 93.8311 103.83 92.1375 84.87 84.7929 84.2755 75.9087 67.2934 66.7609 66.0723 116.768 63.8424 67.1328 61.3075 56.2957 67.8816 93.3285 53.4349 57.2867 51.4507 58.321 111.358 156.154 159.915 72.5852 57.1252 51.1111 48.5032 46.7112 56.7752 53.8278 76.7727 77.4434 45.9054 44.6227 51.4409 43.7066 99.1587 54.7952 42.2859 53.1543 42.2183 42.1724 75.9013 40.9301 44.9494 40.8992 38.5032 37.7356 69.8126 52.1277 45.377 37.3704 36.7364 36.5703 46.2739 36.2342 36.0094 35.5057 37.5826 34.4995 34.0913 33.402 42.8843 130.422 32.8283 32.2396 30.8868 55.3857 35.9046 30.8862 52.8972 51.8415 35.1001 30.6768 30.4369 30.3491 27.9852 29.7433 27.6098 39.5566 26.2712 25.2445 32.8664 25.0571 24.8099 23.0881 74.6239 40.4275 22.4888 22.3376 22.0295 31.6428 21.8957 20.8509 20.469 20.2346 35.66 20.0318 19.4787 60.9651 18.2855 35.2559 17.9756 16.5478 15.6355 14.5019 13.0431 12.5767 12.4627 16.8609 8.66112 8.60415 23.3468 8.3941 11.3028 9.76553 13.644 21.126 55.7011 7.53036 7.43156
threshold=1.0000000180025095e-35 0.85000000000000009 0.75000000000000011 inf 0.90000000000000013 0.3000000000000001 0.85000000000000009 0.35000000000000003 0.65000000000000013 1.0000000180025095e-35 0.65000000000000013 0.90000000000000013 0.45000000000000007 0.65000000000000002 1.0000000180025095e-35 0.45000000000000007 0.45000000000000007 inf 0.45000000000000007 inf 0.55000000000000016 0.75000000000000011 0.80000000000000016 1.0000000180025095e-35 1.0000000180025095e-35 1.0000000180025095e-35 1.0000000180025095e-35 0.75000000000000011 inf 0.55000000000000016 1.0000000180025095e-35 0.35000000000000003 0.75000000000000011 0.75000000000000011 0.3000000000000001 0.40000000000000008 inf 1.0000000180025095e-35 1.0000000180025095e-35 0.75000000000000011 1.0000000180025095e-35 1.0000000180025095e-35 0.65000000000000002 0.40000000000000008 0.90000000000000013 0.75000000000000011 1.0000000180025095e-35 0.85000000000000009 0.90000000000000013 0.75000000000000011 inf 1.0000000180025095e-35 inf inf 0.82500000000000007 0.35000000000000003 0.75000000000000011 0.45000000000000007 1.0000000180025095e-35 0.75000000000000011 0.55000000000000016 0.85000000000000009 0.55000000000000016 inf inf 0.75000000000000011 0.75000000000000011 1.0000000180025095e-35 0.85000000000000009 1.0000000180025095e-35 0.55000000000000016 0.45000000000000007 1.0000000180025095e-35 0.75000000000000011 0.65000000000000002 0.35000000000000003 0.90000000000000013 1.0000000180025095e-35 inf 0.75000000000000011 0.75000000000000011 0.55000000000000016 0.90000000000000013 0.90000000000000013 0.50000000000000011 1.0000000180025095e-35 0.45000000000000007 0.85000000000000009 0.75000000000000011 0.45000000000000007 inf 0.45000000000000007 0.35000000000000003 1.0000000180025095e-35 1.0000000180025095e-35 1.0000000180025095e-35 0.35000000000000003 inf 0.55000000000000016 1.0000000180025095e-35 0.75000000000000011 0.45000000000000007 0.65000000000000002 1.0000000180025095e-35 0.50000000000000011 0.90000000000000013 0.90000000000000013 0.35000000000000003 0.75000000000000011 0.85000000000000009 0.75000000000000011 1.0000000180025095e-35 0.75000000000000011 0.75000000000000011 1.0000000180025095e-35 0.75000000000000011 1.0000000180025095e-35 0.75000000000000011 0.80000000000000016 1.0000000180025095e-35 inf 1.0000000180025095e-35 0.35000000000000003 0.90000000000000013 0.75000000000000011 inf 1.0000000180025095e-35
decision_type=8 10 10 8 8 8 8 10 8 8 8 10 8 8 8 8 10 8 10 8 8 10 10 10 10 10 10 10 8 10 10 10 10 8 8 8 8 8 10 8 8 10 8 8 10 10 10 10 8 10 8 8 8 8 10 10 10 10 8 8 10 8 10 8 8 8 10 10 10 8 8 8 10 10 10 10 10 8 8 10 10 8 10 8 10 8 10 8 8 8 8 10 10 10 8 8 10 8 10 10 10 8 10 8 10 10 8 10 10 10 10 10 10 10 8 10 10 10 10 8 8 10 8 10 10 8 10
left_child=1 2 8 5 -4 6 -2 52 -1 -10 75 12 14 44 89 -16 -11 -18 33 20 21 103 23 -8 25 26 27 28 -14 59 41 84 47 119 125 36 37 -36 51 98 -41 42 94 49 45 46 -5 48 110 50 -43 -32 -6 116 55 -55 -56 106 126 60 -27 -20 -33 64 -59 -30 81 68 71 -70 104 -28 74 -74 -61 76 -7 -78 -79 -68 -22 -45 83 -34 -19 -86 90 -50 -89 -12 -21 92 117 -94 -26 -90 -63 -98 -29 -60 -9 -38 -103 -3 105 -64 107 -37 -65 -51 -15 -108 -25 -24 -97 -116 -31 118 -77 120 -13 -121 -123 -124 -125 -35 -44
right_child=3 19 4 13 7 10 22 100 9 16 11 18 24 32 15 -17 17 31 61 86 80 -23 113 112 30 29 67 39 65 53 38 62 82 34 35 57 101 -39 -40 40 -42 43 58 66 -46 -47 -48 -49 87 109 -52 -53 -54 54 56 -57 -58 63 99 72 -62 96 70 108 -66 -67 79 -69 69 -71 -72 -73 73 -75 -76 91 77 78 -80 -81 -82 -83 -84 -85 85 -87 -88 88 95 -91 -92 -93 93 -95 -96 114 97 -99 -100 -101 -102 102 -104 -105 -106 -107 111 -109 -110 -111 -112 -113 -114 -115 115 -117 -118 -119 -120 121 -122 122 123 124 -126 -127 -128
leaf_value=0.14085079989598986 -0.040975241662437011 0.12470004017771752 -0.040352404429237133 -0.041123267461984449 -0.040312950740221988 0.14884225404092041 -0.041731886578123371 0.073280458028835052 0.13702585290669353 -0.040349360931859854 0.13414418307245385 0.13700257978166511 -0.041584762880992658 -0.041885757583512984 -0.042032993730566938 0.097593921384292376 -0.040377235069094908 -0.040398482713375324 0.093071798369988606 0.04280505525223155 0.14982886706829496 -0.040763699721496141 0.14217067599318967 0.046986002107952146 0.047200103647759777 -0.042004048334933861 0.084643564410369965 0.087557074239505261 0.034151669732865833 0.12391975277007965 0.085029610311355322 0.092678923562199214 0.05760404954607419 0.15800839906141539 0.089647829700656143 0.080760211111540456 0.12801364634808007 -0.041832526346759359 0.10596708263303437 0.13734970190066748 0.031594031950757613 0.098825406478867492 0.11769204015180942 0.078308589277678378 0.098949286411728732 0.12829043312892122 0.064798784011964997 0.12584951963125243 0.14534992413631778 0.073509276124747822 -0.04201223455516117 -0.042006208604275411 0.077073556640443991 0.1252453406500762 0.10147656429460036 0.10133089917657469 -0.042423947907519285 0.0952693477971506 0.066530598114404468 0.084029253472915288 0.1007543204711325 0.15342630830499152 -0.04043170151080213 0.095760175467576605 0.115765507409772 0.12207477169396164 0.12252113685297004 0.14254927733656239 0.15559501791511954 -0.042727001482534367 -0.040851484261043687 0.10484108089745793 -0.042014139723058674 0.093925759058650402 0.14752984772169372 0.13992018442643073 0.12967350268147204 -0.041826819890175268 0.076868633901924319 0.031743844985759141 0.075240940624294775 0.12485082474142549 0.14711033347828231 0.11863804842431286 0.095584463200199532 -0.040458956437603964 0.13623251291050237 0.0073704955374959136 0.1282919019315216 0.068681467143982974 0.11711420466753052 0.14721589584205336 0.019614411402591621 0.11912978257387347 -0.041718480712654993 0.10285418816626093 0.14598178464297182 0.091587264117036965 0.13854620260267753 0.10989525048099585 0.12491466266379028 0.14178719488532476 0.049931788529970184 0.057208888323514132 0.069255101007806796 0.11524891726543293 0.13366602256315593 0.15464498699620752 0.043401893115793844 0.13088136240278797 0.043605369022390324 0.10978822296971472 0.10755636426946924 0.095988788504456218 0.075783678736066354 0.12616305828558094 0.15325559842922798 0.14950232142534015 0.094392592105842416 0.14804257195750697 0.097590765525417164 0.15411217429355817 0.14071633637035139 0.030379658480446527 0.12872787811332406 0.13161439868122646 0.14770772288292777
leaf_weight=3.6608230471611023 8.7241745293140394 8.0374961644411105 11.428454548120497 13.744863077998167 7.3778631836175892 14.016592502593992 6.0826006680727032 11.692438513040541 3.7313159853219986 148.63428846001625 15.166126266121866 14.944120183587073 24.8548544049263 6.6374797075986844 13.189547494053842 14.35025532543659 44.019648998975754 22.688454568386078 19.769688412547112 7.9348202794790295 13.936951965093613 10.504863798618315 12.752438232302666 7.5244513303041467 7.5071755349636051 5.8938473314046842 110.94348452985287 15.479135140776632 8.8131346106529254 18.137733772397041 5.2318624556064606 10.010445818305014 13.384219557046888 23.42507030069828 10.136304751038553 27.176059082150459 19.635529533028603 10.42788916826248 13.511116310954094 7.4569958001375225 18.071214154362679 4.7386084496974945 18.839594528079033 16.656854495406151 9.5052453875541669 3.9351346343755713 6.2935864180326453 23.8991888910532 7.1384365111589423 11.546446174383163 5.7569981068372709 6.5418486148118973 5.6674838364124307 221.98128233850002 4.6608081012964231 198.21756395697594 5.4550261348485947 182.68008124828339 24.642562806606293 37.144791409373283 4.6659915298223495 80.282864913344383 8.9524321556091291 14.582629159092903 235.0970916301012 12.245623171329497 8.111791580915451 21.695066258311272 6.7613604217767689 8.6980880945920944 7.9087168872356406 500.6431392878294 5.2860177904367438 9.8358103781938535 14.116827875375746 53.248175427317619 7.7878281474113491 5.8309004306793186 5.6044509112834939 9.0350305289030075 11.45771649479866 488.46009640395641 21.227973878383636 29.166012927889824 4.9068065881729099 4.8986049741506585 43.096440941095352 6.823191672563552 11.785109058022497 12.069227308034895 14.771361723542212 88.223202288150787 10.790971368551254 8.2818047553300858 5.7709538489580163 25.457155659794807 31.962774321436882 19.98286560177803 25.89577017724514 26.393827021121979 36.076740622520447 7.2792911529541025 14.556431442499161 13.605738952755926 12.100882172584534 4.2570538371801385 112.25045037269592 10.204766094684599 15.581584185361862 11.58419594168663 3.8920859396457672 39.673732459545135 8.9463087618350983 14.543674781918526 199.58976416289806 7.9364257901906958 32.559091076254845 34.884910508990288 17.128913030028343 38.727982699871063 19.115620076656342 17.03228172659874 29.293674916028976 9.2027834653854352 23.491196632385254 26.93745182454586 19.363448306918144
leaf_count=5 61 15 85 95 55 14 40 43 5 1107 20 20 166 43 85 34 327 168 49 35 13 75 19 30 30 38 317 42 39 31 13 32 46 19 26 76 29 68 27 10 75 11 35 49 24 7 23 39 8 35 37 42 21 373 11 459 34 461 82 106 10 58 66 38 442 23 13 22 5 53 56 1104 34 25 15 62 12 38 16 38 39 780 23 56 16 36 55 36 19 39 33 81 49 14 38 63 30 50 31 54 63 9 56 56 45 9 155 9 59 16 15 85 20 37 660 12 30 31 42 41 44 13 37 39 36 38 18
internal_value=0.0976888 0.0243285 -0.00223664 0.106774 0.0697922 0.109348 0.0668289 0.0904929 -0.0211068 -0.0232876 0.11009 0.108581 0.104794 0.0842467 0.067735 0.0307242 -0.0255185 -0.00710814 0.115979 0.099279 0.0747929 0.0420794 0.0856983 0.0470957 0.105807 0.101897 0.0957977 0.0647268 0.01661 0.11022 0.113352 0.0122322 0.0885375 0.112621 0.109148 0.106645 0.0765069 0.0229773 0.063362 0.0977445 0.0625026 0.115272 0.094934 0.119022 0.0384945 0.0145119 -0.00784774 0.0827094 0.0788786 0.0770841 0.0215807 0.0144486 0.0106881 0.115108 0.111848 0.113965 0.0238844 0.109578 0.107786 0.0796583 0.0210831 0.13589 0.0363626 0.104241 0.106804 0.0852929 0.121721 0.1012 0.099769 0.0440236 0.0193824 0.101178 0.0889737 0.0464042 0.101526 0.129192 0.0987929 0.0622764 0.0163469 0.0747077 0.116193 0.123317 0.115319 0.0994472 -0.0198695 0.0276243 0.120686 0.0825072 0.080722 0.105149 0.0911592 0.133944 0.124523 0.0628426 0.0085496 0.0827664 0.142289 0.125065 0.11948 0.0889639 0.112284 0.103045 0.0805733 0.082291 0.0382087 0.0097532 0.122205 0.100944 0.0687239 0.10226 -0.0102766 0.127434 0.0799044 0.117582 0.0804615 0.0777127 0.14277 0.135696 0.128845 0.129767 0.114897 0.134064 0.127206 0.119804 0.101052 0.143902 0.132919
internal_weight=4277.58 471.358 348.012 3806.22 72.243 3415.8 58.5736 60.8145 275.769 272.109 3357.23 3111.43 2057.98 390.416 54.7752 27.5398 268.377 119.743 1053.45 123.345 57.5428 32.1481 49.8495 22.5534 2003.21 1319.51 761.558 112.817 45.9136 557.955 683.692 75.7234 356.937 901.452 749.644 699.282 62.0354 20.5642 25.2848 66.9031 25.5282 658.408 102.518 555.89 33.4788 23.9736 20.0384 293.159 269.26 33.6262 10.4956 11.7737 13.0453 481.012 430.315 420.199 10.1158 637.246 89.2394 76.9433 10.5598 151.998 43.2295 447.941 417.777 21.0588 522.264 648.741 627.046 15.4594 33.2191 611.587 66.3834 15.1218 51.2616 245.798 33.2398 19.2232 11.4354 17.1468 25.3947 505.117 63.7782 42.5502 32.4939 9.80541 65.8026 258.73 251.592 27.2354 22.7062 212.558 124.335 19.0728 13.2781 244.768 132.229 51.9456 41.3749 51.0364 47.7692 41.4713 21.8357 21.6432 25.3104 13.2095 189.305 37.3808 30.1642 23.1306 10.5296 151.924 16.4708 27.2961 232.983 207.526 50.6968 105.262 70.3771 151.808 34.0597 117.748 79.0199 61.9877 32.694 50.3625 38.203
internal_count=10731 2460 2139 8271 267 7102 207 182 1872 1867 6895 6536 4549 1169 178 119 1862 755 1987 321 198 146 146 90 4371 3053 1887 386 228 1166 1318 428 1020 1800 1570 1513 188 94 82 158 85 1236 257 979 149 125 118 895 856 99 48 55 76 938 877 832 45 1325 189 228 48 187 208 1000 903 62 880 1501 1479 58 176 1421 180 59 121 359 80 66 54 51 52 829 125 102 220 52 123 798 790 59 68 279 198 63 68 754 138 80 73 136 106 94 65 71 120 75 325 85 97 51 58 240 50 56 735 672 61 135 104 230 64 166 125 112 75 57 53
is_linear=0
shrinkage=0.0338786


Tree=3
num_leaves=128
num_cat=0
split_feature=24 32 6 12 17 32 12 12 24 12 37 17 0 18 24 4 4 18 37 18 48 37 6 34 37 36 30 49 48 42 34 45 49 24 6 23 42 45 42 49 30 32 4 6 41 30 37 49 32 45 4 37 6 18 6 6 18 35 12 4 48 31 37 48 6 49 17 30 34 31 37 6 36 24 18 34 17 17 34 37 6 6 4 34 36 24 41 18 17 36 32 31 48 6 32 17 48 24 36 6 4 36 0 34 37 18 4 46 37 36 0 23 6 37 32 37 6 32 18 30 0 6 17 30 17 4 4
split_gain=2028.1 319.736 209.911 171.791 310.328 337.687 167.871 119.195 117.298 158.737 106.238 93.291 92.2903 86.9902 76.3691 91.5387 68.0211 66.9764 66.8914 65.6016 140.585 120.427 61.3169 94.3484 59.2568 49.8489 48.1305 145.753 54.6518 46.285 45.8231 45.607 42.6053 41.19 41.0606 54.3929 40.7112 47.7933 67.9496 40.546 39.5953 38.3263 57.5885 39.095 36.7575 32.8678 121.486 37.5611 32.677 67.2625 47.2906 103.897 94.2218 110.964 57.3743 45.0623 36.1447 35.0297 32.2573 31.9551 30.1277 29.9765 82.5931 29.5615 28.7998 68.6636 56.3949 83.2408 77.5632 37.7079 37.6644 28.5664 32.1667 28.2825 28.2405 40.1195 27.3096 47.7369 110.292 84.3164 77.1924 40.3972 32.036 27.2477 38.5829 35.9293 45.0243 74.7946 26.5473 45.2227 30.5105 27.1824 25.6059 24.0755 24.0432 46.8452 41.7802 22.7499 34.1508 21.2388 43.713 20.2857 20.2316 40.5974 33.8393 20.1784 81.2407 105.325 142.04 47.7315 32.4206 42.736 52.7754 41.7618 27.1123 20.0689 71.3428 50.3823 47.4783 21.8321 49.3098 33.2845 18.6548 17.9884 41.4771 20.0253 17.1113
threshold=0.85000000000000009 0.65000000000000002 0.85000000000000009 1.0000000180025095e-35 0.35000000000000003 0.75000000000000011 1.0000000180025095e-35 1.0000000180025095e-35 0.85000000000000009 1.0000000180025095e-35 1.0000000180025095e-35 0.90000000000000013 0.85000000000000009 0.75000000000000011 0.075000000000000025 0.65000000000000002 0.65000000000000002 0.90000000000000013 1.0000000180025095e-35 0.65000000000000002 0.75000000000000011 1.0000000180025095e-35 0.85000000000000009 0.75000000000000011 0.85000000000000009 0.80000000000000016 0.30000000000000004 0.75000000000000011 0.75000000000000011 0.65000000000000013 0.75000000000000011 1.0000000180025095e-35 0.75000000000000011 0.075000000000000025 0.85000000000000009 1.0000000180025095e-35 0.65000000000000013 inf 0.35000000000000003 0.75000000000000011 0.75000000000000011 0.90000000000000013 1.0000000180025095e-35 inf 0.15000000000000005 1.0000000180025095e-35 inf 1.0000000180025095e-35 0.90000000000000013 1.0000000180025095e-35 0.85000000000000009 0.85000000000000009 1.0000000180025095e-35 0.90000000000000013 0.45000000000000007 0.85000000000000009 0.90000000000000013 0.75000000000000011 1.0000000180025095e-35 1.0000000180025095e-35 0.75000000000000011 0.65000000000000002 0.45000000000000007 0.75000000000000011 0.65000000000000002 0.75000000000000011 0.90000000000000013 0.30000000000000004 inf inf 0.85000000000000009 0.45000000000000007 1.0000000180025095e-35 0.45000000000000001 0.90000000000000013 0.75000000000000011 0.55000000000000016 1.0000000180025095e-35 1.0000000180025095e-35 inf 0.85000000000000009 1.0000000180025095e-35 0.85000000000000009 0.75000000000000011 0.80000000000000016 0.85000000000000009 inf 1.0000000180025095e-35 0.75000000000000011 inf 1.0000000180025095e-35 0.85000000000000009 0.75000000000000011 0.85000000000000009 1.0000000180025095e-35 0.65000000000000002 inf 0.075000000000000025 inf 0.25000000000000006 inf 0.80000000000000016 inf 0.75000000000000011 1.0000000180025095e-35 0.75000000000000011 inf inf inf 0.55000000000000016 0.85000000000000009 1.0000000180025095e-35 0.85000000000000009 0.85000000000000009 inf 0.85000000000000009 inf 1.0000000180025095e-35 0.75000000000000011 0.30000000000000004 inf 0.65000000000000002 0.90000000000000013 0.75000000000000011 0.90000000000000013 1.0000000180025095e-35 0.35000000000000003
decision_type=8 10 10 10 8 8 10 10 10 8 10 10 10 10 10 8 8 8 10 8 8 10 8 10 10 8 8 8 8 8 10 10 10 10 10 10 8 8 10 10 10 8 10 8 10 10 8 10 10 8 10 8 10 10 8 10 10 8 8 8 10 10 8 8 10 8 10 10 8 8 10 10 8 10 10 10 8 10 8 8 10 8 8 10 10 10 8 8 10 8 8 10 10 10 8 8 8 10 8 8 8 10 8 8 8 10 8 8 8 10 8 10 10 10 8 10 8 10 8 10 8 8 8 10 10 10 8
left_child=1 2 18 4 5 12 -4 11 9 -6 14 -3 -2 29 15 -8 73 24 22 20 -10 41 58 31 -7 -25 27 -5 34 -11 32 97 -23 39 35 -29 37 38 40 -27 -28 42 43 -22 105 47 -47 -9 49 55 61 52 56 122 -55 -38 -52 -50 60 -12 -1 76 -63 -53 70 126 102 -68 69 -69 83 -65 -73 -16 -72 -76 77 78 81 80 -79 -51 -81 85 -85 86 -59 -88 89 90 -31 -91 -77 -34 -30 -96 -97 -24 -99 100 -86 -80 -67 -104 -105 109 107 -107 -109 110 -21 112 114 -113 -112 119 118 -118 -117 121 -121 -78 -54 124 -87 -125 -66
right_child=3 7 6 26 8 17 10 45 19 13 59 -13 -14 -15 16 -17 -18 -19 -20 44 21 30 23 25 -26 33 36 28 94 88 -32 -33 93 -35 -36 -37 48 -39 -40 -41 -42 -43 -44 -45 -46 46 -48 -49 57 50 51 63 53 54 -56 -57 -58 64 -60 -61 -62 62 -64 71 65 66 67 68 -70 -71 74 72 -74 -75 75 92 115 79 101 82 -82 -83 -84 84 99 123 87 -89 -90 91 -92 -93 -94 -95 95 96 -98 98 -100 -101 -102 -103 103 104 -106 106 -108 108 -110 -111 111 113 -114 -115 -116 116 117 -119 -120 120 -122 -123 -124 125 -126 -127 -128
leaf_value=-0.040076329068879979 -0.042219329639387147 -0.040570199568840191 -0.040289906662606643 -0.041508003947979932 -0.04158733814564957 -0.041933659380307658 0.10064593471091249 0.052020994344118832 -0.042221759075606345 0.13348697882520169 0.047037866474490875 0.15650498606838989 0.13034075859561489 0.12017971445701806 -0.040353776009259178 -0.040392111165142276 0.11035165324481142 0.10924113521148493 -0.040248871025257552 0.13384394523347692 -0.042571754331011125 0.026686556567299177 -0.040147595421931755 -0.040045639897963087 0.08284480074567073 -0.03998780833700312 0.085013983771514701 -0.041723668294019689 0.11891175134847812 0.043373098806158056 0.13759064270018301 0.058340347386610585 0.068108852575674353 0.10589278790034129 0.090097590763589502 0.10278053100333476 -0.042363820588826546 0.12554964159674034 0.1070253499366049 0.068580682276543903 -0.041665140769434089 0.085064491448103019 0.083631050672355184 0.044673050057373341 0.1330030735841998 -0.040645766996923439 0.12344268667302082 0.11375297955429471 0.14307411475026827 0.072980797508173531 -0.043180841943266164 0.13990176510800428 0.12503744869320454 0.10308839259042542 -0.043514263924367559 0.093886637017156549 0.064519714061686093 0.10799462759347243 -0.040275586026443461 -0.040245754086561746 0.079105138385918886 -0.043334740063218885 0.10221083227273201 0.12904671683963487 0.10804530338465004 0.11543931952778846 0.11893162374105264 0.13120942056334522 -0.043592225087434044 0.049548863058905525 0.1303556064172928 0.054374037452947999 0.10975599302792348 0.068047196642928007 0.12482217004778459 0.096147085413452626 0.07623101039158231 -0.042400306301025911 0.083941344783655433 0.058558553698580006 0.078317402380915543 -0.042760525966400113 0.1305410296290283 0.13540306987041045 0.10191071091399065 0.10985261983471757 0.090965529027419514 -0.042865308152257822 0.10124031693800345 0.067708667505062534 -0.042540458618942678 0.13311363176320232 0.026675907829589819 0.12705048623005241 0.13744719137583705 0.096843229096370498 -0.042080509751754841 -0.040319501282096798 0.030123566800059707 0.11334215481115373 0.020536171997103652 0.10798161622201215 0.12022780928960278 0.036231593072668072 0.089362434164752619 0.13466607352929433 0.11272703332075264 -0.043288134375983264 0.089492218013878633 0.12060952471518403 0.023062497227968229 -0.042776917695808984 0.12559031483368194 0.092698485332882177 0.083688964109364092 0.084267554659940846 0.052719058710053786 0.11850391331549577 0.11173331094296193 0.047440877247911177 0.11085810720550981 0.101808909067368 0.094352530612666685 0.12206119630758801 0.023304094096317816 0.078760260036000174 0.1372756065476286
leaf_weight=4.3215191066265088 49.337427169084549 15.067387685179712 23.175368651747704 10.394983500242232 12.874890998005865 7.3998742103576669 9.367793798446657 14.222875371575354 9.8573084324598295 13.247201561927795 7.5538117736578014 3.3706843107938758 3.8302716910839072 51.138319104909897 5.0929691493511182 12.100023150444029 54.510349452495575 43.84458976984024 65.069803014397621 18.862790018320084 12.061343789100649 9.5979824513196927 30.953881770372391 5.475806236267089 10.652010396122932 5.8355622589588174 5.2121686637401563 8.6267644613981229 53.624295428395271 19.553191706538204 48.081711918115616 10.03565591573715 12.036066263914107 17.997740224003792 15.134505167603493 4.5708781480789193 6.4972397983074188 163.9621994048357 55.581570625305176 12.188592553138733 6.1927202641963959 28.713386103510857 15.801733925938604 11.524442583322523 53.094369515776634 9.0802643895149249 12.043951556086538 55.522697627544403 28.650972366333008 5.7620559930801365 8.4306396991014463 69.431204095482826 39.733659788966179 4.563341319561002 9.3070586919784546 4.8720184713602066 6.20624716579914 13.24283656477928 47.197587519884109 13.259345874190329 5.5656956136226654 6.6267510652542141 13.765744060277937 85.373019248247147 44.208040922880173 63.127852812409401 24.782259732484818 7.6320265382528305 9.5109643787145597 43.396120712161064 136.74099397659302 13.691827967762945 100.47639383375645 6.0284978598356247 39.831981375813484 16.7606340944767 75.523834601044655 13.541536629199982 57.989032104611397 13.178529217839243 11.027395009994507 8.6563549488782883 15.406718641519545 52.452783361077309 27.638299971818924 17.481569886207581 9.9906323254108447 9.2064604610204679 25.424250915646553 185.76994675397873 6.2603662461042395 7.5938827991485587 9.5724808871746081 23.562835544347763 7.4119556099176434 4.7956859618425343 5.1484690308570871 13.639639481902121 18.758152365684509 49.1069375872612 10.443023562431334 132.7973640859127 40.955487266182899 16.829617813229561 75.652169764041901 15.083723068237303 85.801512986421585 17.088353201746941 20.142477288842201 159.09431801736355 10.080170080065725 5.5733510404825193 35.644221469759941 4.9081961363554001 53.063463449478149 123.30335277318954 69.586417123675346 16.541735827922821 174.7642527371645 14.705083787441254 332.40021635591984 258.64394223690033 53.457859143614769 48.584951058030128 9.9906538128852862 16.443018212914467 48.209234550595284
leaf_count=33 314 110 174 70 86 48 23 56 63 13 33 3 3 67 38 90 96 72 491 17 75 39 236 42 28 45 12 57 75 78 41 40 35 37 38 8 41 168 93 47 41 69 37 44 50 66 16 96 16 16 50 57 47 8 54 10 18 21 355 100 20 39 24 91 74 88 36 6 55 150 142 43 160 19 50 32 193 85 144 42 29 53 17 50 51 29 23 56 46 606 39 8 38 27 7 11 33 102 92 74 42 229 57 62 166 17 134 101 44 206 41 34 42 10 143 292 221 23 274 49 553 502 110 65 39 41 44
internal_value=0.0891761 0.0231399 0.00803204 0.0969724 0.0854514 0.0328404 0.0424327 0.0740178 0.0916822 0.074955 0.0601994 -0.00451717 -0.0297792 0.0798117 0.0766308 0.0211559 0.0947735 0.0866287 -0.0109924 0.0999687 0.0819681 0.0895548 7.79381e-05 0.0143381 0.0316943 0.0551642 0.101205 0.0791768 0.0918104 0.0718039 0.114562 -0.00874827 0.0900533 0.0696412 0.0520181 0.00833407 0.102054 0.115696 0.0915697 0.0334264 0.0162326 0.0552976 0.0335908 5.57936e-05 0.106411 0.0899532 0.0529116 0.101168 0.10085 0.098175 0.0987133 0.109093 0.0831126 0.0941344 0.00472792 0.0160294 0.00248674 0.106215 -0.0286194 -0.00856252 0.0270122 0.0956964 0.0549125 0.120846 0.10496 0.0979512 0.0896395 0.0666319 0.045216 0.0617715 0.110571 0.114213 0.103117 0.0184044 0.121557 0.103368 0.0963245 0.086436 0.0938488 0.0578135 0.0117834 0.00349634 0.0973682 0.102143 0.112433 0.0906396 0.0599464 0.0267847 0.0684612 0.0646571 0.0225322 0.0702799 0.0709021 0.107132 0.10769 0.0729972 0.0249225 -0.0193793 0.000463959 0.0986092 0.0796007 0.100677 0.0996246 0.0921396 0.0796961 0.10309 0.092437 0.059153 0.0285485 0.108211 0.0928134 0.085726 0.0926273 0.0206671 0.0740132 0.0987219 0.0925241 0.0653585 0.100373 0.102217 0.108172 0.0960292 0.10744 0.101401 0.0783868 0.111118 0.123298
internal_weight=4521.39 477.436 368.128 4043.96 1086.6 115.064 131.088 109.308 971.536 321.862 107.913 18.4381 53.1677 308.987 87.0996 21.4678 65.6318 61.8965 237.04 649.674 171.237 161.38 171.97 114.885 18.0519 41.4977 2957.36 109.708 99.3126 257.849 93.2786 73.3873 45.1969 36.0219 28.3321 13.1976 2847.65 230.949 66.9865 18.0242 11.4049 68.1009 39.3875 23.5858 478.437 90.8698 21.1242 69.7456 2616.7 1746.26 1734.89 390.671 121.699 107.062 13.8704 11.3693 14.6369 870.442 57.0848 20.8132 9.88721 1344.22 20.3925 268.972 841.791 374.304 281.886 85.3214 60.5391 51.0281 467.487 199.541 114.168 11.1215 202.906 66.1651 1323.83 258.359 205.205 53.1542 24.5689 14.4184 28.5852 264.581 139.641 124.94 32.4399 19.1971 244.602 219.177 25.8136 193.364 26.3331 35.5989 70.9804 17.3561 9.94415 63.3517 32.3978 87.1883 38.0813 190.786 196.565 133.437 92.4818 425.343 138.116 52.3146 37.2308 287.227 128.132 109.269 98.7879 10.4815 63.1436 1065.47 384.196 86.1282 298.068 681.273 347.105 334.168 93.1915 92.5002 27.4722 65.028 92.4173
internal_count=10731 2460 2113 8271 2677 465 573 347 2212 943 399 113 317 857 266 113 153 148 1540 1269 430 367 1049 641 76 171 5594 299 229 790 142 470 101 129 103 65 5295 314 146 92 53 225 156 119 839 234 82 152 4981 3474 3423 638 287 219 62 51 68 1507 408 133 53 2785 63 351 1491 738 620 247 211 156 753 294 203 57 262 120 2722 615 442 173 114 69 59 491 217 274 100 79 777 731 117 614 70 62 126 51 44 430 194 167 93 373 373 285 228 789 296 162 145 493 287 270 226 44 184 2107 810 244 566 1297 602 695 157 174 68 106 118
is_linear=0
shrinkage=0.0338786


end of trees

feature_importances:
cap.margin_type=37
stem.consistency=34
flesh.taste=29
cap.surface_moisture=23
stem.surface_texture=23
spore_print_color=22
cap.surface_texture=20
stem.color=19
veil.type=19
flesh.texture=18
stem.attachment_position=17
hymenium.type=15
stem.hollow_or_solid=15
flesh.color=14
gills.color=14
overall_body_form=14
gills.spacing=12
stem.shape=12
num_spore.width_min_um=10
flesh.latex_presence=9
gills.attachment=9
num_cap.diameter_min_cm=9
gate_hymenium=9
cap.shape=8
gate_size_class=8
cap.bruising_color=7
num_spore.length_min_um=7
overall_size_class=6
pores.color=6
veil.ring_position=6
num_stem.height_min_cm=6
flesh.odor=5
stem.bruising_color=5
num_stem.diameter_min_cm=5
cap.margin_lined_at_maturity=4
growth_habit=4
veil.ring_persistence=4
cap.central_depression=3
stem.reticulation=3
veil.present=3
volva.present=3
flesh.bruising_color=2
pores.bruising_color=2
volva.type=2
flesh.hyphal_structure=1
gills.texture=1
veil.cortina_present=1
num_pores.density_per_mm=1
num_spore.spine_length_um=1
num_spore.spine_base_width_um=1

parameters:
[boosting: gbdt]
[objective: binary]
[metric: binary_logloss]
[tree_learner: serial]
[device_type: cpu]
[data_sample_strategy: bagging]
[data: ]
[valid: ]
[num_iterations: 4]
[learning_rate: 0.0338786]
[num_leaves: 128]
[num_threads: 0]
[seed: 42]
[deterministic: 0]
[force_col_wise: 0]
[force_row_wise: 0]
[histogram_pool_size: -1]
[max_depth: 12]
[min_data_in_leaf: 21]
[min_sum_hessian_in_leaf: 0.001]
[bagging_fraction: 0.982669]
[pos_bagging_fraction: 1]
[neg_bagging_fraction: 1]
[bagging_freq: 4]
[bagging_seed: 400]
[bagging_by_query: 0]
[feature_fraction: 0.41635]
[feature_fraction_bynode: 1]
[feature_fraction_seed: 30056]
[extra_trees: 0]
[extra_seed: 12879]
[early_stopping_round: 0]
[early_stopping_min_delta: 0]
[first_metric_only: 0]
[max_delta_step: 0]
[lambda_l1: 0.00149424]
[lambda_l2: 0.00348266]
[linear_lambda: 0]
[min_gain_to_split: 0.0684277]
[drop_rate: 0.1]
[max_drop: 50]
[skip_drop: 0.5]
[xgboost_dart_mode: 0]
[uniform_drop: 0]
[drop_seed: 17869]
[top_rate: 0.2]
[other_rate: 0.1]
[min_data_per_group: 100]
[max_cat_threshold: 32]
[cat_l2: 10]
[cat_smooth: 10]
[max_cat_to_onehot: 4]
[top_k: 20]
[monotone_constraints: ]
[monotone_constraints_method: basic]
[monotone_penalty: 0]
[feature_contri: ]
[forcedsplits_filename: ]
[refit_decay_rate: 0.9]
[cegb_tradeoff: 1]
[cegb_penalty_split: 0]
[cegb_penalty_feature_lazy: ]
[cegb_penalty_feature_coupled: ]
[path_smooth: 0]
[interaction_constraints: ]
[verbosity: -1]
[saved_feature_importance_type: 0]
[use_quantized_grad: 0]
[num_grad_quant_bins: 4]
[quant_train_renew_leaf: 0]
[stochastic_rounding: 1]
[linear_tree: 0]
[max_bin: 255]
[max_bin_by_feature: ]
[min_data_in_bin: 3]
[bin_construct_sample_cnt: 200000]
[data_random_seed: 175]
[is_enable_sparse: 1]
[enable_bundle: 1]
[use_missing: 1]
[zero_as_missing: 0]
[feature_pre_filter: 1]
[pre_partition: 0]
[two_round: 0]
[header: 0]
[label_column: ]
[weight_column: ]
[group_column: ]
[ignore_column: ]
[categorical_feature: ]
[forcedbins_filename: ]
[precise_float_parser: 0]
[parser_config_file: ]
[objective_seed: 16083]
[num_class: 1]
[is_unbalance: 0]
[scale_pos_weight: 9.91064]
[sigmoid: 1]
[boost_from_average: 1]
[reg_sqrt: 0]
[alpha: 0.9]
[fair_c: 1]
[poisson_max_delta_step: 0.7]
[tweedie_variance_power: 1.5]
[lambdarank_truncation_level: 30]
[lambdarank_norm: 1]
[label_gain: ]
[lambdarank_position_bias_regularization: 0]
[eval_at: ]
[multi_error_top_k: 1]
[auc_mu_weights: ]
[num_machines: 1]
[local_listen_port: 12400]
[time_out: 120]
[machine_list_filename: ]
[machines: ]
[gpu_platform_id: -1]
[gpu_device_id: -1]
[gpu_use_dp: 0]
[num_gpu: 1]

end of parameters

pandas_categorical:null
